60
2396 24 26
28189 53 35
12261 75 43
44287 47 59
37692 86 17
18977 86 1
12450 16 2
3994 48 81
26766 52 76
26903 34 23
62445 89 9
68003 73 16
71180 79 18
91091 8 95
83564 60 39
65377 70 60
36038 10 19
7128 99 27
52558 66 46
96668 83 24
55461 71 96
27097 11 92
4036 49 3
57225 91 65
31005 50 64
8570 77 75
74570 43 59
83908 86 50
384 8 19
39440 66 67
268495837 90 44
17161963 40 61
717996217 71 15
826493059 94 17
513109561 80 2
942970489 37 88
833470469 4 91
676904346 23 97
590173288 34 51
82996588 12 100
381594262 50 2
605829540 51 13
456764097 8 12
761104533 90 70
356265693 46 20
276705123 29 31
881224532 31 94
268962201 24 12
813204972 8 88
81744407 66 33
446285580 92 78
186261428 16 8
136853362 4 8
788642217 56 96
348758349 25 96
492466612 55 95
568867747 56 94
506634232 71 74
648356359 53 29
275637004 34 86
