94
1
91
18
4
30
68
57
16
92
71
98
47
34
20
29
75
45
16
6
77
55
5
8
2
5
42
34
11
4
33
37
99
9225
86757
81976
60172
82024
78295
56446
88658
14611
26066
69399
18240
19795
85205
67292
43437
54414
26088
24517
50219
29689
74109
23515
28942
15887
67135
47858
23311
6870
74245
99999
649772209
2997893317
6399641550
8246556813
8056707733
9146140288
2990153507
7576206602
271432794
5919633876
5650345533
7968831201
4109916227
1917342302
568686206
4146591917
3962643883
8451052253
490981650
2664122827
7334856490
9278533432
8505499278
9147966304
330000300
6990690361
7015081598
8848940374
2655492927
1528516978
10000000000
