40
910 415 26267
229 204 63246
361 19 18400
525 342 41965
486 306 83896
969 81 83551
701 209 44797
444 172 44379
230 5 42670
593 130 19368
875 159 25553
316 141 3345
966 273 74845
428 286 80795
108 396 9584
407 243 1776
662 19 71557
334 39 22803
610 370 33953
612 23 31050
845 319 31223
978 380 98180
720 259 22036
712 404 99227
741 300 8046
385 15 67967
432 275 21041
941 384 77587
574 358 96610
412 425 44779
524 362 23674
599 489 30105
44 424 87725
42 391 58154
781 293 65481
417 316 75898
718 189 54254
229 337 49337
275 456 56744
651 328 22073
