60
1 1
2 2
3 3
93919 5156
24233 8632
56401 53041
70413 68416
3956 1145
9 3
28236 12475
64915 39307
50893 37748
79134 63145
10 9
27326 8038
55080 29053
34030 14555
36181 34877
40015 19709
21796 11562
26677 10830
43500 32786
85153 6198
65596 58027
91897 55136
18546 17060
54008 34456
83547 11724
15905 746
92674 10193
99270 97046
81734 54255
4713 178
46904 206
52327 41265
34245 20710
48219 19580
99279 68690
80409 36065
83041 7762
86739 51596
56417 45494
7731 1327
96270 23822
56740 13793
32051 19615
66990 46267
23283 21590
95386 41079
35020 8382
5915 3400
80008 75216
39849 37690
46045 42707
5262 1891
23292 12820
30360 29921
88018 20203
65759 3438
100000 99999
