40
64462 64462
52118 119047
396545 167339
393089 321030
412140 14165
161967 179379
29589 493904
338309 131848
373347 465637
198058 320810
56470 69317
142254 295633
328811 19562
306883 72217
86599 111907
220379 220379
412530 453827
255197 470351
51297 125080
483001 117813
72711 448647
101387 101387
357760 158994
19997 462770
93098 385729
263462 275374
353948 376425
230208 355126
224819 39540
7244 7244
476383 279985
201313 422247
325841 100321
59868 69949
184588 458625
285646 466457
405924 323131
159555 159555
171843 201481
329232 191937
